
bash-3.2$ 
bash-3.2$ 
bash-3.2$ ls -lt
total 160
-rw-r--r--  1 sushant  staff     0 Jun  1 08:05 screenlog.3
-rwxr-xr-x  1 sushant  staff  1145 May 31 16:35 star.sh
-rw-r--r--  1 sushant  staff    19 May 31 16:35 t1.log
-rwxr-xr-x  1 sushant  staff   713 May 29 14:28 pathcheck.sh
-rwxr-xr-x  1 sushant  staff   792 May 28 09:18 pyramid.sh
-rwxr-xr-x  1 sushant  staff  2498 May 28 08:44 setup_bash.sh
-rwxr-xr-x  1 sushant  staff   742 May 26 08:26 for1.sh
-rw-r--r--  1 sushant  staff   552 May 26 07:28 great.sh
-rw-r--r--  1 sushant  staff   552 May 25 16:33 ?.sh
-rw-r--r--  1 sushant  staff   552 May 25 16:28 file.sh
-rw-r--r--  1 sushant  staff   559 May 25 16:17 H.sh
-rw-r--r--  1 sushant  staff   559 May 25 16:09 q1.sh
-rw-r--r--  1 sushant  staff   559 May 25 16:02 q.sh
-rw-r--r--  1 sushant  staff   559 May 25 12:01 rat.sh
-rw-r--r--  1 sushant  staff   559 May 25 11:39 dsds.sh
-rw-r--r--  1 sushant  staff   559 May 25 11:30 India.sh
drwxr-xr-x  3 sushant  staff   102 May 25 11:02 backup
-rw-r--r--  1 sushant  staff    18 May 25 10:14 file.txt
-rwxr-xr-x  1 sushant  staff  1289 May 25 08:36 setup_bash.she
-rw-r--r--  1 sushant  staff    12 May 25 08:23 TEST123.sh
-rwxr-xr-x  1 sushant  staff   630 May 24 23:13 first.sh
-rwxr-xr-x  1 sushant  staff   164 May 24 19:40 second.sh
bash-3.2$ ls -ltr
total 160
-rwxr-xr-x  1 sushant  staff   164 May 24 19:40 second.sh
-rwxr-xr-x  1 sushant  staff   630 May 24 23:13 first.sh
-rw-r--r--  1 sushant  staff    12 May 25 08:23 TEST123.sh
-rwxr-xr-x  1 sushant  staff  1289 May 25 08:36 setup_bash.she
-rw-r--r--  1 sushant  staff    18 May 25 10:14 file.txt
drwxr-xr-x  3 sushant  staff   102 May 25 11:02 backup
-rw-r--r--  1 sushant  staff   559 May 25 11:30 India.sh
-rw-r--r--  1 sushant  staff   559 May 25 11:39 dsds.sh
-rw-r--r--  1 sushant  staff   559 May 25 12:01 rat.sh
-rw-r--r--  1 sushant  staff   559 May 25 16:02 q.sh
-rw-r--r--  1 sushant  staff   559 May 25 16:09 q1.sh
-rw-r--r--  1 sushant  staff   559 May 25 16:17 H.sh
-rw-r--r--  1 sushant  staff   552 May 25 16:28 file.sh
-rw-r--r--  1 sushant  staff   552 May 25 16:33 ?.sh
-rw-r--r--  1 sushant  staff   552 May 26 07:28 great.sh
-rwxr-xr-x  1 sushant  staff   742 May 26 08:26 for1.sh
-rwxr-xr-x  1 sushant  staff  2498 May 28 08:44 setup_bash.sh
-rwxr-xr-x  1 sushant  staff   792 May 28 09:18 pyramid.sh
-rwxr-xr-x  1 sushant  staff   713 May 29 14:28 pathcheck.sh
-rw-r--r--  1 sushant  staff    19 May 31 16:35 t1.log
-rwxr-xr-x  1 sushant  staff  1145 May 31 16:35 star.sh
-rw-r--r--  1 sushant  staff     0 Jun  1 08:05 screenlog.3
bash-3.2$ pwd
/Users/sushant/bash
bash-3.2$ 
bash-3.2$ 
bash-3.2$ 
bash-3.2$ 